receptor = Model_CYFIP2_WT_DOPE___-160988.06250_minimized.pdbqt
exhaustiveness  = 8
center_x = 0.425786129791
center_y = 39.9053384738
center_z = 231.270628872
size_x = 20.1243104989
size_y = 19.4261886361
size_z = 19.3351087244